402 -45.0 45.0 90.0
409 -45.0 45.0 90.0
411 -45.0 45.0 90.0
419 -45.0 45.0 90.0
423 -45.0 45.0 90.0
424 -45.0 45.0 90.0
429 -45.0 45.0 90.0
434 -45.0 45.0 90.0
439 -45.0 45.0 90.0
442 -45.0 45.0 90.0
451 -45.0 45.0 90.0
458 -45.0 45.0 90.0
470 -45.0 45.0 90.0
539 -45.0 45.0 90.0
477 -45.0 45.0 90.0
483 -45.0 45.0 90.0
481 -45.0 45.0 90.0
489 -45.0 45.0 90.0
495 -45.0 45.0 90.0
491 -45.0 45.0 90.0
494 -45.0 45.0 90.0
502 -45.0 45.0 90.0
503 -45.0 45.0 90.0
496 -45.0 45.0 90.0
504 -45.0 45.0 90.0
506 -45.0 45.0 90.0
510 -45.0 45.0 90.0
565 -45.0 45.0 90.0
516 -45.0 45.0 90.0
527 -45.0 45.0 90.0
533 -45.0 45.0 90.0
534 -45.0 45.0 90.0
535 -45.0 45.0 90.0
568 -45.0 45.0 90.0
541 -45.0 45.0 90.0
559 -45.0 45.0 90.0
560 -45.0 45.0 90.0
562 -45.0 45.0 90.0
587 -45.0 45.0 90.0
603 -45.0 45.0 90.0
522 -45.0 45.0 90.0
461 -45.0 45.0 90.0
462 -45.0 45.0 90.0
463 -45.0 45.0 90.0
468 -45.0 45.0 90.0
521 -45.0 45.0 90.0